version https://git-lfs.github.com/spec/v1
oid sha256:c1dea74b85324ef8bea70397490e818b53844d28b5b38b7e0e1bde135abe14f5
size 54413
